time,x,y,z,phi,theta,psi,x_velocity,y_velocity,z_velocity,phi_velocity,theta_velocity,psi_velocity,rotor_speed1,rotor_speed2,rotor_speed3,rotor_speed4
0.06,-1.4804831233209024e-06,3.073186919879552e-07,2.069970728664945,8.389687653309608e-05,0.0003203761098102831,0.0,-0.000125895403634989,2.895118146512129e-05,2.3307160540851855,0.004058032985601232,0.014312847451529583,0.0,899.7802628164566,900.3593335518393,899.9501166629943,900.1142996909704
0.12000000000000001,-0.00011484735569930167,2.3772347699257944e-05,2.2779199215625354,6.282959257382404,0.0025624817577609704,0.0,-0.005305571127314597,0.0009450127778052211,4.594764548184662,-0.07266324157918527,-0.15478825709602023,0.0,896.7980905993114,889.9024542777661,895.9153259112435,892.7907803988068
0.18,-0.0005082423337695872,-7.261293252655422e-06,2.6210685729328147,6.278506774119608,6.275902277591012,0.0,-0.0038759637146550214,-0.00380586215074077,6.833006323321319,-0.07749026343977765,-0.19880594742694327,0.0,898.8600553270362,897.0627582440846,899.2650779653803,899.0682765667976
0.23999999999999996,4.050861243839389e-05,-0.0006933444398023346,3.096348184106208,6.274136830895234,6.264732588261902,0.0,0.02667997629674112,-0.0208071338566305,8.99522273087031,-0.06485180926566259,-0.168537818937242,0.0,899.292023710559,900.5024102308159,899.5501987306791,900.0606702786041
0.3,0.0032565019848479803,-0.0027193222706994894,3.698144231397382,6.270486344715607,6.255232834375633,0.0,0.08394934112802337,-0.04801637414504298,11.047072001833765,-0.053834888835056646,-0.14325859788737452,0.0,898.8478503222454,899.8617050387553,899.5045207434063,899.9500135780073
0.36000000000000004,0.010533329337895806,-0.006608171870185374,4.4193211046096526,6.267828374503841,6.247189841765756,0.0,0.16107567302328846,-0.08241944067096829,12.972223911791131,-0.029976166926509423,-0.12011283630410494,0.0,899.2013335910881,900.1318701734,899.0082140981821,899.9745190191381
0.4200000000000001,0.02287877861722725,-0.012680536356862199,5.251957903935318,6.2665397645033565,6.2403054955227155,0.0,0.2520832498994014,-0.12018207848603914,14.760822199731377,-0.00836912851856371,-0.10572494396852343,0.0,899.9342669219365,900.5121046698007,899.6173593560394,900.4922880879669
0.48000000000000015,0.0409726263132946,-0.021021432379405503,6.1874727930458056,6.266306209987441,6.234099824970134,0.0,0.352105659417041,-0.15759150841990782,16.40073245113594,0.0038229242781143893,-0.09919251045702566,0.0,900.0313709218748,900.2924226393847,899.6941228120733,900.1878557877689
0.5400000000000001,0.06525148346612962,-0.03153774836674606,7.216829635146839,6.266576363490094,6.228383749353281,0.0,0.4578317907775844,-0.19249952887320493,17.88882484310683,0.00582849070403768,-0.08839515369000045,0.0,899.4574883721085,899.8921071687644,900.0933032427488,900.1743997135279
0.6000000000000002,0.09597496087124179,-0.04405559675870994,8.330983956425525,6.267033383148382,6.222957705300063,0.0,0.5665683695359196,-0.22428578645252809,19.227816248206032,0.010973767999397827,-0.09485717079215591,0.0,900.1299043280163,899.8659371093386,899.7703073051154,899.978526731161
0.6600000000000003,0.133274241801435,-0.05837970904892397,9.521124039783755,6.268103590023477,6.217409500598102,0.0,0.6769130405200005,-0.2526171335966398,20.422635652760228,0.028888635413953905,-0.08808140540584246,0.0,899.9932232195441,900.2650813659627,899.4359392190672,900.1612869146076
0.7200000000000003,0.17721229066822072,-0.07427466460916443,10.778831903634847,6.270128989715385,6.2123026169590325,0.0,0.7876155054696162,-0.27646826878960046,21.481351651188664,0.042048518964960514,-0.07976143499508706,0.0,900.1036188475081,900.4384872800664,899.5944709160083,900.1272723573001
0.7800000000000004,0.2277649717677575,-0.09144371319993644,12.096226826876011,6.272999562227724,6.207656245616182,0.0,0.8972061074621294,-0.2950012790035277,22.413683088126753,0.057451939383892384,-0.07316098627488835,0.0,900.2335706701407,900.4993134123234,899.7708196125362,900.3946324378353
0.8400000000000004,0.2848277328558131,-0.10955101110937879,13.465989254400572,6.276650008131057,6.203686393261602,0.0,1.0044650391439933,-0.30769047500921093,23.22855551648178,0.06687606510136025,-0.05494182088201152,0.0,900.0490593826028,900.7856551994325,899.6816409374493,900.0639050494048
0.9000000000000005,0.3482248733961308,-0.12824219563213463,14.881402493408778,6.280726628067198,6.200724087885609,0.0,1.1081656631386172,-0.31450190776124604,23.937025302407342,0.06999683473952382,-0.04007584671706038,0.0,900.2562934696585,900.8577685931042,899.5080475366767,899.6353928669031
0.9600000000000005,0.41771189087205673,-0.14717717663280355,16.336415964674284,0.0017957290869485831,6.198710779154624,0.0,1.2073535178847306,-0.3159094551128088,24.55017732812076,0.07266655452528437,-0.022957180726318794,0.0,899.9697073020765,900.6628975074223,899.6123142336229,899.7215282543611
1.0200000000000005,0.49299947074423667,-0.16604915566392744,17.825663670631915,0.00657833287216647,6.19816330096744,0.0,1.3013911665496585,-0.3124515357906331,25.079682736999157,0.0909922116157415,0.009670704845153678,0.0,899.774083916383,901.0950068141879,899.3609575171407,900.1048714692594
1.0800000000000005,0.5737458711291015,-0.18456682588260734,19.344402451641525,0.012268242642672789,6.199252232500234,0.0,1.3891693884785592,-0.30405620699047653,25.534654615199255,0.10157343235848232,0.03123173555115316,0.0,899.7590951914792,900.6318968196293,899.6765789351005,900.1077860027455
1.1400000000000006,0.6595538193394254,-0.2024307441751071,20.88842098928823,0.018653542153524327,6.201231275359165,0.0,1.4700974873539026,-0.29067101453436434,25.923691152828848,0.11467999408562662,0.03627626210658454,0.0,899.8718294859987,900.0759531307542,899.5173902133821,900.0519306019828
1.2000000000000006,0.7500197587164081,-0.2193427731550848,22.454034246872673,0.025625931746534825,6.203581758911389,0.0,1.5445226905265943,-0.27233602689820285,26.25570613005301,0.11909459710737559,0.044418351644720445,0.0,899.6264375849735,899.9561833355053,899.6086320750893,899.7920624659337
1.2600000000000007,0.8447748808237772,-0.2350100221033914,24.038138641207066,0.032811964516014314,6.206503062572644,0.0,1.6131156680675205,-0.24923413119711413,26.541097286661536,0.12107848637679441,0.05609115855622309,0.0,899.898190556151,900.371014223041,899.8820434225845,899.9673489844157
1.3200000000000007,0.9434758447806251,-0.2491576006537378,25.638136313152778,0.040163076982107526,6.21011783639802,0.0,1.6760684711883576,-0.22173392783880777,26.78640295224806,0.12525105838433673,0.06747402614834239,0.0,900.1763810921794,900.637732825614,900.1151181394514,900.2893147637147
1.3800000000000008,1.0457803752011892,-0.2615332202484349,27.251707151785485,0.048372320660241996,6.214432555488532,0.0,1.7332525948649145,-0.1901613079957799,26.99443872280393,0.15335787656875682,0.07956586813679203,0.0,899.7067248143799,900.1975842991121,899.6333197449252,900.7781135163494
1.4400000000000008,1.1513476350666016,-0.27188026977342833,28.876823958961406,0.05821292867025374,6.219316520511546,0.0,1.7848395676472921,-0.1540057921097122,27.17207658566103,0.17956798213633143,0.08483341728726863,0.0,899.9485534712894,900.1635546199852,899.4430649381918,900.5150972118377
1.5000000000000009,1.2598478360230263,-0.2799029594292192,30.51183707781693,0.06924605428305775,6.224524129334149,0.0,1.8310516268933699,-0.11261540729465448,27.32501409479303,0.1913518103905181,0.09044867327535588,0.0,899.9866070226111,900.2160428664946,899.7479423393323,900.2391405909274
1.560000000000001,1.3709657524525112,-0.2852773540866224,32.155423560098015,0.08074655515986873,6.229923828282807,0.0,1.8721203931270616,-0.06573292279250995,27.458424452367396,0.1923127563383067,0.08907237581428704,0.0,900.5414873063131,900.4880400417452,899.8835063701559,899.9378180794454
1.620000000000001,1.4843969241042718,-0.2876817342898904,33.806470615551255,0.09219977759606124,6.235331548006876,0.0,1.908206388473079,-0.013659514444366739,27.574202846156098,0.1878760375225315,0.09216050643930633,0.0,900.0720127464328,900.1993459297815,900.1850971227896,900.020648293701
1.680000000000001,1.599848771991894,-0.2868150649772833,35.46401298164726,0.1030986305571151,6.24099228390863,0.0,1.9394825908748543,0.043240005291941025,27.67534797020194,0.1647590840113852,0.09838973344810939,0.0,899.9503697149066,900.2052401430801,900.4050240230049,899.4820261529159
1.740000000000001,1.7170325473338686,-0.2824044244441733,37.12726006526607,0.1127976725571811,6.246871675640094,0.0,1.9659238015920584,0.10435155447501446,27.76463764370581,0.1545787255497698,0.09717844272366079,0.0,899.8371987780283,899.7910214441283,900.3329811848599,899.9310133775194
1.8000000000000012,1.8356584692925282,-0.27421605556489986,38.79555792575721,0.12175910040676818,6.252795442392657,0.0,1.9875694786152347,0.1691076963581907,27.843958744492834,0.13607449841632951,0.101661888933781,0.0,899.7303097391593,899.9148893601285,900.4471684204727,899.7062041740338
1.8600000000000012,1.9554382342150645,-0.262046527917034,40.46833911710722,0.1297071547171802,6.2591799757720565,0.0,2.004352475945204,0.23698100603988512,27.914279514165806,0.12405837944058028,0.11451892125560068,0.0,899.4297648926957,899.9542843274951,900.2414803485084,899.7611348060864
1.9200000000000013,2.076070338833827,-0.24571918318632224,42.14512134356444,0.13676067439529405,6.265988536078531,0.0,2.0159198514985737,0.30765572416869436,27.977499369785967,0.09957945160887238,0.11130589658025547,0.0,899.7632432531511,899.6373642135558,900.4676401438313,899.4807106793127
1.9800000000000013,2.197236394302815,-0.22508025473900703,43.82549519269821,0.1425912781138292,6.272426760670074,0.0,2.022182342573724,0.38061430961081955,28.03407095752506,0.09188082277441052,0.09778219065931465,0.0,899.9924744128934,899.4482236776729,899.9891890011727,899.6801292473895
2.0400000000000014,2.3186298723142684,-0.20000083779150404,45.50910763089751,0.14817718598256313,6.278236432374502,0.0,2.0235858751376417,0.4556545263231617,28.0855353103212,0.09542742342846097,0.09484880773305733,0.0,899.8802171991854,899.7641792885493,899.8542882806314,900.0004479184767
2.1000000000000014,2.4399714243724766,-0.17035443398801342,47.19568421355614,0.153916459072847,0.0005168035862403997,0.0,2.0204811008315398,0.5328669271348528,28.132989996909398,0.09610468759422526,0.08227367501750389,0.0,900.5015813852137,899.994710443994,899.8013339626543,899.8314744236388
2.1600000000000015,2.561001116868322,-0.13600686306166396,48.8850074921879,0.1600212749754215,0.00522496550978957,0.0,2.0132797492757,0.6123764202038007,28.177161689709678,0.11114038625029093,0.06950672800701126,0.0,900.3385587769391,899.8229683695566,900.0376152937957,900.6495395612263
2.2200000000000015,2.6814911145702642,-0.09681115797709985,50.57691099440751,0.1669455197572267,0.009090768038582553,0.0,2.0025854587099206,0.6945244855216329,28.219090779742242,0.12279339643641825,0.05161286507143199,0.0,900.6995215667935,899.9757366793523,900.345937747505,900.8220734922114
2.2800000000000016,2.801254555977718,-0.052618547240647226,52.27116073297529,0.17489317320423226,0.01187545623394115,0.0,1.9891911132375395,0.7790014018840592,28.255533146132493,0.14692673436246922,0.03317979679539851,0.0,900.4434350046454,899.696956568546,899.6185709953214,900.6021422317419
2.3400000000000016,2.9201552531854134,-0.003262089266485706,53.96753577669941,0.183831054600609,0.013685369597923547,0.0,1.9739541876941327,0.8667185524406088,28.290039168706507,0.15275328922934514,0.02332768424385194,0.0,900.4791951437483,900.0800601729599,899.8237465726456,900.0682546782207
2.4000000000000017,3.038103997877884,0.051460680773171466,55.66593129871948,0.19315252600765564,0.014755686192550854,0.0,1.9575366800000455,0.9578940923042502,28.32292742068875,0.16011012600111063,0.003624868700844521,0.0,900.9054658010465,900.1076597496425,899.5637134895608,899.871181220051
2.4600000000000017,3.155050388649518,0.1117645309001949,57.366278914376366,0.2028887325634896,0.014716313622835209,0.0,1.940681657468604,1.0527647439334795,28.355110835493484,0.16626884928249555,-0.01100320208475299,0.0,900.9683911748185,900.3763741024422,899.6535527044998,899.9134902122964
2.520000000000002,3.2709953029580814,0.17785034372316677,59.0684258237844,0.21341008012121865,0.013888124084368236,0.0,1.9242519041124977,1.15066464000186,28.383039562704983,0.18914715890593353,-0.020091852387816946,0.0,900.0368948106781,899.6689351980394,899.1493343110944,900.0886855640604
2.580000000000002,3.3859790013493556,0.24993771131053127,60.772275797876645,0.22472542954127572,0.012780575160521224,0.0,1.9086881068487414,1.2528672237820309,28.41196426215646,0.1874508579051573,-0.015378761076636598,0.0,899.9898896579301,900.1810167962211,899.7811684753884,899.7272700205132
2.640000000000002,3.5000563079370495,0.3282934589916658,62.47791307789902,0.23603040543008813,0.011695526836629,0.0,1.8940193727957377,1.3595950865301312,28.442589720776574,0.19027768513849241,-0.024133835290729932,0.0,900.5573564345648,900.2031440481791,899.9351522228465,900.0644351832406
2.700000000000002,3.613284430715449,0.41317099371552823,64.18536740929981,0.24749400921463138,0.009994437352312424,0.0,1.880445856556617,1.47025984025425,28.472554473809698,0.1925783915878557,-0.03850799478897318,0.0,900.399665806049,899.8177559940146,900.0345616223271,900.1430061558975
2.760000000000002,3.725744853111485,0.5048016514715711,65.89458508359237,0.25948321919144934,0.007595672354144156,0.0,1.868518857292894,1.5847117087482518,28.501418776731384,0.2113480909160497,-0.04309727391249104,0.0,900.1167927222556,899.930991125341,899.409448327924,900.186604161206
2.820000000000002,3.8375485033960914,0.6034397166684768,67.60559659732517,0.27257034384333245,0.005223172581154678,0.0,1.8585635417152844,1.7038958656434473,28.532463083868713,0.2290331371785494,-0.03324104218007013,0.0,900.1292405939803,900.5283798865831,899.5780266500775,900.3148327149961
2.880000000000002,3.948809000924858,0.7093741733419625,69.31853219889683,0.28688705564744765,0.0035549691939946726,0.0,1.850334646785823,1.827995811660278,28.565730196020866,0.2529656227330245,-0.018692492817953318,0.0,899.9820276671238,900.5713335039619,899.6705738863952,900.6646002925808
2.940000000000002,4.059612223243066,0.8229007428726912,71.03351236337743,0.3025699703479727,0.0026781838136233915,0.0,1.843223957914681,1.9570598315361154,28.600861684605743,0.2743672230027586,-0.007498113441576362,0.0,900.1013355329733,900.5548045619494,899.2662939186592,900.1639522565334
3.000000000000002,4.170007138296872,0.9443533574774112,72.75075610779594,0.31885492422924244,0.002401945179673959,0.0,1.8366512599317502,2.092240370266469,28.64128067338636,0.2647580334579594,0.000634020373438121,0.0,900.0562856681122,900.3856795473415,900.2801077987374,899.924388797108
3.0600000000000023,4.2800121477983595,1.0740888180020873,74.47054942198315,0.3344604970756144,0.002984572748323089,0.0,1.830144418783355,2.2330948067804033,28.685731487131566,0.24861328460677073,0.023505840856883543,0.0,899.4612332293842,900.3875545048422,900.6490558483665,900.0257147982114
3.1200000000000023,4.389608352906747,1.212432367220426,76.19310360043845,0.3489847617550632,0.004467328342914634,0.0,1.8228962130572997,2.3790952889458685,28.733150758186305,0.2239495772524051,0.027022953223262015,0.0,899.9256455914843,900.0678489681238,900.6349027655776,899.6617673902748
3.1800000000000024,4.498734567796326,1.3596564151745176,77.91851205637043,0.3622555999644739,0.006136756135877164,0.0,1.8144555301611651,2.528997616231594,28.780648714539534,0.21498345200937105,0.02937913510321275,0.0,899.686827916595,899.7820527563047,899.9803221901317,899.6383388142451
3.2400000000000024,4.607315386498393,1.5159689620753918,79.64672624301254,0.37494866729138465,0.00802100293193675,0.0,1.804695768828456,2.6820076571341085,28.826628934939066,0.20362394225896976,0.03517391125031944,0.0,899.1042458242599,899.3389504812941,899.7053779877074,899.2642230240328
3.3000000000000025,4.715265190546139,1.6815840757394689,81.37773707738907,0.3879314058673886,0.010251018975945492,0.0,1.79338054654987,2.839061761737747,28.873836274954034,0.23410946952599404,0.04088103254817366,0.0,899.4050661088883,899.6362180178863,898.7500419890198,900.0054312951771
3.3600000000000025,4.822482205449264,1.8567531699619966,83.11164110024909,0.4024283009160934,0.01259297819817462,0.0,1.7802384706032282,3.000593683810478,28.9233620279356,0.2534752988745897,0.0350534890575738,0.0,899.5185313488194,899.2822464712756,899.2689350899026,900.0793030100494
3.4200000000000026,4.92885592692805,2.041774005893761,84.84864716955211,0.41846591800754585,0.014563230869574895,0.0,1.765309859058531,3.1675335965703573,28.97743288842521,0.2860439248836314,0.02799038577717463,0.0,899.7349099411724,899.4485141350463,899.2240669508249,900.5750130081465
3.4800000000000026,5.034287902906715,2.2369811834187727,86.58905253862812,0.435852086523985,0.016090061796480093,0.0,1.748894639070343,3.340234615834202,29.036910984259926,0.2963235992418448,0.01980222809181286,0.0,899.817883295818,899.4858635309631,899.7662369309005,900.2211728307237
3.5400000000000027,5.138699356410753,2.4427263307293603,88.33319985964252,0.45340899423005254,0.016802565556309546,0.0,1.7313616783883123,3.518781947859601,29.102157455716128,0.2839402056006815,-0.012886152994575692,0.0,900.3872159094966,899.0627105943462,900.1773587561446,899.7151362481164
3.6000000000000028,5.242050311701145,2.6593649525039322,90.0814497778984,0.4701379469990128,0.015563589582620274,0.0,1.713793502815343,3.7031743712614147,29.173322377976806,0.265875222903258,-0.0445101653520853,0.0,900.6810166532804,899.4004254479796,900.4822125170762,899.7859333673118
3.660000000000003,5.344390030696794,2.8871728313872596,91.83401120944113,0.48577768727734316,0.012622094866816091,0.0,1.6978865730181023,3.8909171456464673,29.24557378124442,0.24742633853354964,-0.060069176845511565,0.0,900.1733548613092,899.5428938007188,900.2943220015784,899.5774715345289
3.720000000000003,5.445855734781477,3.126320945002603,93.59090023386581,0.5002322049508656,0.00866913420151949,0.0,1.684772598269357,4.081032152050633,29.31732833725306,0.22288664729548976,-0.08123845098602042,0.0,900.1095165516167,899.250916756184,900.29356390167,899.3248219896665
3.780000000000003,5.546640082340217,3.376929341901834,95.35205199611444,0.5134854281428645,0.0035796358568536135,0.0,1.6753130978067428,4.2727458138685,29.38735355040839,0.2165620127477385,-0.09318230163277577,0.0,899.7808294878885,899.2948861197075,900.0162255622807,899.7812366362369
3.840000000000003,5.646984578108692,3.639065485438396,97.11731776603074,0.5265746707892873,6.28120429017126,0.0,1.6701641782095324,4.4652693752252,29.45448083149128,0.22115680411768454,-0.09168729629311768,0.0,899.6602314863909,899.7183332034189,899.520969908268,899.7277890563653
3.900000000000003,5.747151928543121,3.9127784679906417,98.8865377752195,0.5399524160640414,6.275620763420481,0.0,1.669386094429124,4.658698534121309,29.51933743137697,0.2263432846108464,-0.09595146082841073,0.0,899.7128901006428,899.5376017408355,899.4133679496783,899.6452200055191
3.960000000000003,5.847403204163756,4.198164758866895,100.65966194154873,0.5537926258078665,6.269458209041709,0.0,1.672989162732963,4.854414873425312,29.584749701739984,0.2381480061244618,-0.12176484016396878,0.0,900.3236311627361,899.2743920405576,899.5838883855805,900.0854137395584
4.020000000000002,5.94801704718688,4.495348905190516,102.43671848906897,0.568543516623607,6.261790791993498,0.0,1.6816302137304342,5.0520457883284,29.650657380403434,0.2579534444600508,-0.14391595974327354,0.0,900.3621619643176,899.4588729374976,899.3391181174655,900.168225934495
4.080000000000001,6.049326358235647,4.804478738117416,104.21781266533836,0.5851598245011518,6.252749465809906,0.0,1.696309673560867,5.252796826676742,29.719788331822564,0.3000664980282328,-0.16979553790717292,0.0,900.9262530958343,899.8694838745089,898.6127212127797,900.3531717930636
4.14,6.151722237593928,5.125754883787247,106.00319465318464,0.6038426668848169,6.242247365813535,0.0,1.7180162195152968,5.457210337656307,29.79421599653317,0.3276304865986015,-0.18837286535949951,0.0,900.6419439519109,899.8770841013953,898.5742940964644,899.7363701859399
4.199999999999998,6.255658973046158,5.459481707657396,107.79334461988586,0.6240051196857923,6.230750420164945,0.0,1.7477923114296512,5.667984868744408,29.87910728071046,0.34901205321317685,-0.1990387735299075,0.0,900.6309818927456,900.1837494271524,898.7403215377776,899.660000082284
4.259999999999997,6.361645126034305,5.806104110910665,109.58900680094595,0.645179558379489,6.218565350120603,0.0,1.7864098184866462,5.887144676798716,29.97818697345383,0.35972104804253874,-0.21272124724977823,0.0,901.1259522049052,900.5546459820272,899.3134185823309,899.8064474053197
4.319999999999996,6.470221049458643,6.1660644311246955,111.39097186957628,0.666689020311539,6.205932877408742,0.0,1.8341879746731362,6.1126070376401795,30.089344320134963,0.35591810053416834,-0.20650965113085604,0.0,900.4328649114586,900.6652375728372,899.4374264406775,899.3444945598886
4.379999999999995,6.581941881548438,6.5397467732426176,113.19999217406941,0.6882524830509018,6.19371236318084,0.0,1.8911936915119978,6.34446149247338,30.213333526209237,0.36554524906844993,-0.19854382248266136,0.0,900.013147604466,900.3180193010564,899.2913942058567,899.7429735120174
4.439999999999993,6.697357509438095,6.927560540057164,115.01689067466538,0.7098794832739301,6.181757197186315,0.0,1.957317688032464,6.583620811584759,30.35203346224407,0.3476170369291591,-0.20070737898995106,0.0,900.5417462081892,900.4373616385275,899.8265043473539,899.1615684325991
4.499999999999992,6.817003063433935,7.329872793671982,116.8424831275168,0.7304300238247325,6.169650476030606,0.0,2.032162469797353,6.8274458584107895,30.502825259581556,0.32963152331933415,-0.20400858077162085,0.0,900.1704387470187,900.0194410409506,899.8621969272293,899.1885660087872
4.559999999999991,6.941399000930876,7.746924257852841,118.67746042150287,0.7497642822328592,6.157296651596955,0.0,2.1156304574835985,7.074614594294264,30.66456815336526,0.30036309654613913,-0.20996299371364252,0.0,900.2624585439308,900.0031948181568,900.0271690868359,898.8889632684783
4.6199999999999894,7.071052856294524,8.178836073228371,120.52240054321562,0.7675690217403055,6.144645828756506,0.0,2.207364140448144,7.32235772543549,30.834473524195857,0.28832227885486933,-0.2126733210337639,0.0,900.3395722452335,900.2107196383959,899.4348530722937,898.9873788996289
4.679999999999988,7.206457189952652,8.625612305611147,122.37777188878708,0.7848559267476878,6.131831110618968,0.0,2.307276625432534,7.5699096513740525,31.012210207389,0.2876984385436946,-0.215450361612182,0.0,900.4604743205423,900.3283749074021,899.5588364702535,899.571756409988
4.739999999999987,7.348091404951254,9.087184424297087,124.24401697177453,0.8022153317119471,6.118910895184225,0.0,2.415026929707811,7.815558218931546,31.19714525276597,0.29238303338608157,-0.2151113964088122,0.0,900.4337409562852,900.4274302687245,899.3940214083005,899.6223980258555
4.799999999999986,7.496423220842129,9.563433689294458,126.1216090326481,0.819861124017411,6.106604264445265,0.0,2.530505564559946,8.059202501063714,31.390747088099424,0.29731301908674584,-0.19027605021381205,0.0,899.7680342266871,900.75531707559,899.39061544691,899.6303304854523
4.859999999999984,7.651912458471311,10.054285598503306,128.01116353348033,0.8379798454346687,6.095793433421626,0.0,2.653492530784982,8.302319600115032,31.59617469142035,0.3099567697467621,-0.16523765498759602,0.0,899.9948887300367,900.9947901635228,899.3934367161019,899.9478994669871
4.919999999999983,7.8149781612041105,10.559671938155613,129.91341759775727,0.8568254597923506,6.08630027597496,0.0,2.7829911571624035,8.543807061602253,31.814525034589753,0.32127918800454586,-0.1469764241398263,0.0,899.7322004637358,900.4617627277543,899.5467912221525,900.0514235948302
4.979999999999982,7.986001655125568,11.079521368218963,131.8292421065394,0.8761407381873001,6.077670908898128,0.0,2.918717977807172,8.784485024600528,32.04893023211498,0.323172296085373,-0.13816841890216353,0.0,899.6825410574677,900.0314931447983,899.7696872954871,899.8949368666433
5.0399999999999805,8.165361470857695,11.61383227551465,133.75970863280762,0.895364641395064,6.070145966110415,0.0,3.060785266211406,9.025706306122872,32.3027760044363,0.31419489555123703,-0.10767719250653374,0.0,899.570617848506,900.799436095551,900.1086532059161,899.793019595621
5.099999999999979,8.353398143303997,12.162548135573523,135.70596976031757,0.91399932852514,6.064315044628287,0.0,3.207738729764168,9.264319883930597,32.5754285571592,0.30215779072250937,-0.08178870508633641,0.0,899.3555534251434,900.4012321174196,900.3476863587857,899.9050296685708
5.159999999999978,8.550368184131537,12.725460837340378,137.66916984188478,0.9321834914853389,6.060037441416469,0.0,3.358370681748705,9.498608225274051,32.86746023640007,0.3048286490605321,-0.055897120001156445,0.0,899.2816755688157,900.3293700090514,900.2290938220632,900.3798251418714
5.219999999999977,8.756458621809022,13.302261719031488,139.65050742947372,0.9507798976488191,6.056951854200438,0.0,3.5116831484681206,9.727295440731073,33.180512945040945,0.31856669839205143,-0.0437224814925934,0.0,899.7357863332936,900.2286576191343,899.8190733116369,900.4199943673551
5.279999999999975,8.971820039606015,13.892621029901722,141.6513544338833,0.9701025803801544,6.055000982881461,0.0,3.6674205798356896,9.950794371708948,33.51853828919188,0.3282087711009329,-0.016346199685215383,0.0,899.3685885255014,900.4776247044786,899.6927328563371,900.1318158026984
5.339999999999974,9.196609879843129,14.496327402472565,143.67340080632994,0.990219403701575,6.055189241439869,0.0,3.825862367193943,10.172338297107808,33.88788785947564,0.34657763955201604,0.02668111218273156,0.0,899.2948367414726,901.037248928452,899.7913404873287,900.5878428482105
5.399999999999973,9.430964116056586,15.113291054216075,145.71868344576868,1.0118514338225086,6.057457913961963,0.0,3.9861811672276395,10.393173177393487,34.29420400988086,0.3794019456395001,0.05389672973665808,0.0,899.7379862624862,900.8398079060379,899.6349312727563,901.0247459009479
5.4599999999999715,9.674979765092575,15.743538165128856,147.7896453259497,1.0354207949674779,6.0614951541192355,0.0,4.147959468456767,10.615946881994212,34.745384561184565,0.4111793967554518,0.08565539238958253,0.0,899.4994651584564,900.786331526369,899.3473851761692,900.7076511716016
5.51999999999997,9.928765044767037,16.38741180647422,149.88932667137215,1.0608971453897809,6.067135327961747,0.0,4.3118235421631494,10.848218398206999,35.253096121651225,0.44296408334150617,0.10692055531689466,0.0,899.8515439379601,900.7150480639788,899.483353286667,900.8569152773208
5.579999999999969,10.192432007272894,17.04561304175211,152.02142275781836,1.087833061578479,6.074233389077914,0.0,4.477293805227593,11.09433229619061,35.82748431809499,0.4587507266265572,0.13464228800552563,0.0,899.6151494562596,900.7423125471985,899.6936733185099,900.431294875154
5.639999999999968,10.466058747329996,17.719133458021297,154.19025660497473,1.1156419904036428,6.082895574148669,0.0,4.643599615832537,11.359348171154954,36.47912375239868,0.4715468528967555,0.15890257026337046,0.0,899.8111095080102,900.8010514506526,899.7338701892604,900.357334615022
5.699999999999966,10.749648060671623,18.409205183135334,156.4007628590938,1.1441905068031382,6.093100874843433,0.0,4.80911871919271,11.646568008217999,37.21816565421019,0.48317409270540945,0.1862182671144854,0.0,900.0935323283555,901.2104090619977,899.4835843831909,900.0658978492337
5.759999999999965,11.04309867559111,19.117289442106053,158.6585335696619,1.1732574005390681,6.104868888079203,0.0,4.971977876913108,11.96031190151054,38.0564029042222,0.4868723390421042,0.21087325706859653,0.0,900.1117796269857,901.125560522294,899.9540556702117,900.2195080407905
5.819999999999964,11.346173153627511,19.845049700161052,160.96988011261567,1.2026032765636998,6.1181127978911505,0.0,5.129525651729038,12.302897158658224,39.00600153476272,0.49319806714157205,0.23540510979177218,0.0,900.3203401246568,901.3338243038116,899.6574119244787,900.0316782873275
5.879999999999963,11.658475683712723,20.594340296616245,163.34192300219553,1.232774683112491,6.1325613139926,0.0,5.279223708690638,12.67889680252638,40.082182643182804,0.5172747035238738,0.2498564715909847,0.0,900.4810972770489,901.0914584764628,899.3879120227839,900.4874181801255
5.939999999999961,11.979469909632012,21.36740207934545,165.7828379085435,1.2641443785799158,6.1481558443586195,0.0,5.418947186856207,13.096883311011736,41.305097324318034,0.5320676699931175,0.2747955475493059,0.0,900.1950329402586,901.234292715617,899.5519634572729,900.2865786866208
5.99999999999996,12.308478775846206,22.16705093165909,168.30212653083376,1.2962212772755306,6.165210279711555,0.0,5.545887472827453,13.56657676591805,42.69835251012409,0.5392569337495873,0.2984365320723722,0.0,899.9097733077751,900.903429047224,899.7451834854876,900.1785122729553
6.059999999999959,12.644636818696663,22.996733315793517,170.91081597023896,1.3286632011959956,6.183739792362598,0.0,5.656655055433246,14.099308603483506,44.289396391479315,0.5434247015040442,0.3240794258210299,0.0,899.9388825580996,901.0206715928596,900.1510900876311,900.4653670835891
6.1199999999999575,12.98684420622592,23.860478200169805,173.62169312979137,1.3613638411443985,6.203324176299812,0.0,5.74691848418811,14.70348120239276,46.10982817058944,0.5479943477612077,0.3306847961485337,0.0,900.476785227688,900.7940516157058,900.0954347980337,900.4284249901539
6.179999999999956,13.333755675797248,24.762861429872586,176.4496595002765,1.3946338964637093,6.223377170704602,0.0,5.812993088998461,15.38931618607573,48.198984145536556,0.5650390505648573,0.34046489191674034,0.0,900.2947940858234,900.7431576104785,899.6524924958179,900.4957358349922
6.239999999999955,13.683823383748342,25.709288738492393,179.4123153339331,1.4284881358905137,6.2441583865403345,0.0,5.851593541380294,16.174661284139365,50.60796675167385,0.5625918678071551,0.3560712923318552,0.0,900.0160618377431,900.704402498451,899.8480433714672,899.90809382804
6.299999999999954,14.035279527775286,26.706270547573283,182.530687051289,1.4623126082106772,6.26568939693782,0.0,5.858636509924981,17.077130020060302,53.3999350555176,0.565935907052728,0.3638836776869404,0.0,899.6207854311679,899.9984894012493,899.6447115298276,899.9390521110873
6.359999999999952,14.386111907729658,27.761568961515923,185.83010025997945,1.4958786819353058,0.004169499764131501,0.0,5.830272405756957,18.12217400173468,56.65631008654019,0.5415566753750648,0.35483975592517475,0.0,900.266615886787,899.9624520392501,900.347959696374,899.516036916387
6.419999999999951,14.734107372871469,28.8843023734666,189.34142213429055,1.5279643064998174,0.02564811742633122,0.0,5.763765083726315,19.327385851484042,60.48105508664867,0.5156563579733346,0.3635950865706393,0.0,899.864764791284,900.2801938123558,900.2413397711223,899.3335753185671
6.47999999999995,15.076901068612784,30.08467688361376,193.10271988810524,1.5586608278617788,0.04763141810318139,0.0,5.656404718824333,20.71406335578232,65.01266649817813,0.5019986581632193,0.37144524447905874,0.0,900.1029292038683,900.4847192524048,899.7643691077807,899.3405563127533
6.5399999999999485,15.41194596002659,31.374633844040215,197.16185706864476,1.588711223422587,0.06991238210868733,0.0,5.505026477528692,22.32094513774331,70.44229702340925,0.4984262934734718,0.37115761747379594,0.0,900.1991697199334,900.2534602318203,899.9286915646409,899.9080876140247
6.599999999999947,15.73652058029112,32.76916427810089,201.58036827674653,1.6183860859310286,0.09218363120825401,0.0,5.307020010842763,24.211951892400467,77.0389825084281,0.4855437041406809,0.37124696579133304,0.0,900.0657858277111,900.1352878192463,899.9277242511843,899.5265651266304
6.659999999999946,16.047750978552326,34.288051858895635,206.4392232094457,1.6473697425755294,0.11470176946902821,0.0,5.059792349366182,26.482981803994136,85.18900247601745,0.47759005305380803,0.38236041827187023,0.0,899.3734239493657,899.8909833424289,899.9818467463507,899.7746912295818
6.719999999999945,16.342571586955042,35.95822075594701,211.84778305575435,1.6759514838001053,0.13753542389387352,0.0,4.759375585429891,29.281812177411076,95.46631972329104,0.4737973271471039,0.37670763594239487,0.0,899.8943570007239,899.7348932709226,899.9247866575839,899.8828874064233
6.779999999999943,16.617675193826347,37.81794513416355,217.9585868117237,1.704225017068607,0.1600342160123791,0.0,4.402049704296862,32.84625304096194,108.76165389843557,0.46553519462345894,0.3712911947064945,0.0,900.0712931991717,899.919287883409,899.7929398234767,899.5674200498053
6.839999999999942,16.86953717699918,39.92416355279488,224.99304723921747,1.7319654089346646,0.1823633228465571,0.0,3.9840178415632046,37.57409675798185,126.53103576474764,0.4550626011098148,0.3738146417838356,0.0,899.9126309936607,900.0810562642921,899.8025891518046,899.4832030620202
6.899999999999941,17.09436041811436,42.365997152069674,233.2893061603455,1.7588189727663721,0.20459615591106672,0.0,3.499875451200875,44.17301454474486,151.3212434466365,0.42519287723929217,0.3630729951804756,0.0,900.0688198737669,899.6994184090862,900.4534550160441,899.340864489625
6.95999999999994,17.288033520862133,45.292125993120905,243.3998356847485,1.7838794105080282,0.2259707591035811,0.0,2.9452017241055044,53.99408898522171,188.00623608037696,0.39521886393802147,0.3369477682921682,0.0,900.2726783647145,899.2744743895256,900.5304880886798,899.4006029558991
7.019999999999938,17.446241759639648,48.97352994030504,256.31587567309293,1.807432426438238,0.24565166174115927,0.0,2.317378561528443,70.00094641131666,247.13426927697094,0.38661500003720944,0.296766569490581,0.0,900.6612474566597,899.0835947673113,899.9539517322589,899.679754165632
7.079999999999937,17.56452808916827,53.98240604633563,274.078500588777,1.830370971033215,0.2629581126393674,0.0,1.614239389265039,100.15811030524148,356.0423507691669,0.3719315621585272,0.2614496031354563,0.0,900.5893410296974,899.1969972325708,899.7326376322682,899.2079443147115
7.139999999999936,17.638457060295597,61.84923993787269,300.0,1.8525485297383746,0.2781096891542454,0.0,0.8417606324796696,173.1074026432306,609.9675926941704,0.3645502348001537,0.22125678676745533,0.0,900.9059630450296,899.3076369683798,899.5976957921446,899.3651312814231
